0.0
0.005728754063602261
0.03250066547188942
0.006276988732694411
0.024540613219799168
0.09260710364993614
-0.07177467365158316
0.027121317371254557
-0.0108841945142065
-0.09070228150334257
0.04570685858478476
0.008205216490738207
0.019280145509554807
0.05641253503532584
-0.01239378037675427
0.03307963158648326
-0.03594625066822427
-8.797700085349425E-4
-0.022350359397446107
0.018327499742894757
-0.018016410312201914
0.03800735089997542
0.023268083277071267
-0.06096564380795507
0.06361269276838358
0.015625384758406007
0.010187912574206967
0.0015295767593702535
0.02457766147652591
-0.042549128433656054
0.024025385540668766
-0.05329798463905303
0.004191689312999173
-0.032069445618429795
0.023832884057843007
-0.038956136013934765
0.040525246017780764
-0.007856711729522896
-9.087908792142104E-4
0.019097266983973144
-0.0384935480784086
0.01231021305022009
-0.04521186490180738
-5.7699872689168E-4
-0.015253338596498122
0.01214555717038886
-0.049226699977110246
0.010098674913080643
-0.02160137911761882
0.01995522053475842
0.036316606301864125
-0.015818055278007306
0.03295038120025629
0.013500652769951762
0.03676895592076167
0.01888202866105074
0.006618588782883901
-0.04638616599789606
0.04855774907814359
-0.02831147351322512
0.07642016516394579
0.016787305567450086
0.0066597485811538525
0.02397237478551367
0.029722222042113944
-6.706987959824027E-4
0.015252483385059155
0.06002061911182774
-0.021254026519580117
-0.014603890391049038
0.014945554115658103
0.00984945465410405
0.04795749481093492
0.020040253849891432
0.026763189187337447
0.019772069941030767
0.027493817720444624
0.035740021284699865
-0.030847654906045456
0.014415420922744348
-0.002355679319743686
-0.043467441563554386
-0.007693250032148315
-0.022924123394663765
-0.028765695698132122
0.01186636134186854
-0.007762260994524253
0.005508997632860447
0.020486188780177984
0.03032466136098245
0.008731997309920716
0.028263458380321117
4.8258331367525913E-4
0.007442180637657504
5.846799564456887E-4
-0.028943860101170848
0.025527785575908214
2.709737273828509E-4
-0.006882904120801873
0.014890436958665095
0.0022170633061155695
9.904311676590279E-4
-0.025246427669582978
-0.01047178526562576
-0.01838657019941361
-0.019837070275159623
-0.004732938885709759
8.928737474107353E-4
0.010735997863999142
0.05965915563449624
0.04121249963783727
0.003486820475277764
0.015420720366896613
-0.02737556691458185
0.024388894121976243
-0.018770447793525855
0.036967264448302777
-0.010203561574762316
0.008014580044388351
0.019024690874874288
-0.011404004600473631
-0.004830532485930419
0.021649775352134356
0.012542424961114962
-0.0026607057441465
-0.025392192894570065
0.009436983115784657
0.008988821333602291
0.009154369042302636
0.015667001468715188
0.04689951165126701
-0.003046901048865249
0.020567245131300076
-0.0025761351216861982
0.0014266667059779433
0.006313908951881553
-0.012852092408903231
-0.011239778608502941
0.013285995546146477
-0.013354901339644025
6.68135463608415E-4
-0.009151050196394254
0.003540263792964754
-0.003597943540711426
-0.00720802098946077
-0.012934357283767642
-0.013009714321125326
-0.014783035251899064
-0.009182737230215428
-0.007594044465784224
0.004792435905753691
0.03396527918198644
0.02110224656086547
0.026095652543446788
0.013107397582072118
-0.017787088495206885
0.013209105991165896
-0.010357868162349631
-0.00658167357610957
-0.00611637676335232
-0.010505197192658569
0.008522666116783343
-0.005805251344858692
-8.472010577699126E-4
0.017253530704997855
0.01293523305622372
0.007954927559111247
-0.002605820420048426
0.009322581098017736
0.0054343631579614575
0.0073083322279071895
-0.013652096808053411
-7.692465610496205E-4
0.002513904644166422
-0.0025773780391455674
-0.005329758321447389
-0.027332575996662188
0.011874238378004425
-0.0011542308298799998
-9.194205565680876E-4
0.001246648308980104
0.0020822115449964044
-7.96564108501304E-4
0.015021406426028996
0.019643108617152984
0.01268799227031102
0.012626579329307308
-0.007434755815917735
0.027174672618922136
-0.02505040099591253
-0.006571946758732791
-0.004310257002227624
-0.0028985958180424865
0.0063729056618031694
0.0030460001911790896
-0.005053420032136397
-0.026588063247947363
0.02665020005306346
-0.0038579764801247186
0.008934029901132484
0.006782032900820914
-0.005811278631492016
-0.006654086800539688
-0.005012699826657684
0.009547256277060353
0.00667984381092592
-0.005233035921458667
-0.002217877612962701
-0.014471987389800593
-0.0046772497919631
0.0037895992143296767
0.0037730947070470657
0.0013620007107904514
-0.0015899020008025503
-0.004130972098375704
-0.022554689515284155
0.023675535592213085
-0.014570235135321508
-0.0039690281370064065
-0.001057003218259992
-0.0032835950836548823
-0.003243133025952291
-3.7594873200038226E-4
-0.02423502303574409
0.02488344076230435
-0.0022852376201497266
0.0036758527447723973
-0.009229978158470842
-0.007736082909153244
-0.0029276747841447126
0.002114197615981108
0.005194334152557157
0.004746617960155464
0.0048393407371766705
0.004385397379961402
-0.024154225842981488
-0.011668465393386463
-0.014922120272835302
1.9739791562213744E-5
0.0056325358807336095
0.0052070609680819595
4.9391366502901286E-5
-0.00229492468763017
1.7161228769415783E-4
0.0015908715543515143
-0.005850344700231985
-0.01684132647928556
-0.001997620800909584
1.3746301150462123E-4
0.008195850088136452
0.005282169152814627
-0.0024845102845948335
-0.002309945570630375
0.002538794421237779
-0.006723738293075678
-0.010221291271021489
-0.011698731088098184
0.002888050078616964
0.002036344559907686
0.007713713964057164
0.005903446794796497
-3.4593211214821424E-4
-0.0025255959813810075
-0.0022767046818802533
7.270256818658958E-5
-0.004121613447292881
-0.009968115767301354
-0.011353441820749342
3.9681253709397294E-4
0.004347671446082088
0.008682535967590277
-0.0025400105572284085
-0.0023451106315845677
-6.969761873822432E-5
-0.0019951435932036602
-0.0020650620500333506
-0.0017510274735385105
0.0027995014861070307
0.0019124939320660705
0.001338658004993757
-0.002515727568904105
-9.578756718638734E-5
-0.002152947056006232
-0.0018352497184632374
-0.0017276379863838491
4.733633414064294E-4
6.142595351234871E-4
-0.004622620845059925
-0.0018298928764031248
2.846268617824195E-4
4.3054443105093273E-4
0.00179388899581581
-7.198129583332824E-5
-0.009229390818912876
-4.5692702735848764E-4
-0.0019037771261695854
-0.0017873617022487627
3.809309768502519E-4
-0.0015836090531063088
4.7239175283462007E-4
-0.004076708305331247
3.42716185884588E-4
-0.0015365484937102261
-0.0014655488878443361
5.442145051706889E-4
0.003924356051276671
-0.005249239124529454
-0.010459189095447808
-0.0016610353990839347
4.6480734701418965E-4
-0.0014522886662012827
-0.0013843882159714272
3.666027454788529E-4
6.071711609388091E-4
6.476051435762172E-4
-0.005318377927263246
-0.0013329586385028428
6.084692748006365E-4
7.881202015806207E-4
6.526420998770976E-4
-0.005065584957820055
7.84802181260426E-4
-9.821914328997576E-4
-9.358160776258575E-4
0.0027590086765364075
-0.0012691460605061989
6.935293762436954E-4
-0.0012519387556176045
-0.0011914887539329377
7.29420032815769E-4
5.949179823681096E-4
-0.0011507627974381555
-0.0012994177803166969
6.592296816779396E-4
-0.003197331549680329
7.556380301595321E-4
-0.001222524180453883
-0.0011682801497524577
5.995942205145166E-4
5.437057307311122E-4
-0.003050712354863234
-0.00126214045008284
-0.0012061533113968085
5.21936167706463E-4
-0.0011198840180098564
0.0027142186578498844
-0.0014800772800479742
4.1895831439784926E-4
-0.0012819044368166217
-0.0013538887393749275
7.532054884300532E-4
3.403070869713722E-4
-0.001270066247111754
-0.0012286631411202846
-0.001194424431695403
0.0026848984187078278
-0.0031235306475389264
-0.0013260417365078415
-0.0012783202218823275
-0.0012349748810045061
0.002557502947499664
-0.0012347114587231071
4.7047757186564676E-4
-0.0014740462589656366
-0.0013681653804078213
0.002507144255593163
-0.0013146438336048393
-0.0012505707521567493
-0.0012181499668577622
4.017979644677395E-4
0.0010718262232294823
-0.0011785648989074372
-0.0011373564332647873
5.244108958663437E-4
-0.003238413031781226
-6.700991466409193E-5
-6.822023807617909E-4
-7.587605783096383E-4
7.772840352218348E-4
8.687142679248616E-4
-7.18076999150857E-4
-0.00212682114629006
3.1674859618224154E-4
-0.002424305683456181
-0.002500178919563763
-9.171186907360544E-4
-0.002398582328105354
-9.33563982628217E-4
-0.0024023285779756817
-8.908350357757261E-4
-0.002330186777359745
-0.0023072743786854504
-0.0022755827568912155
-0.0022567003677028646
-8.09764248712363E-4
-0.0022081826372768463
-7.374027785157275E-4
-6.551762954252312E-4
-0.0048246020967784645
-0.0023286440874845304
-9.13673776975778E-4
-0.0022668438462720222
-0.002246052319045948
-0.0022295587258833256
-6.959383693459823E-4
-8.79974891683701E-4
-0.0021909326616144074
-0.002169392005366987
-0.002149713971026494
-0.002133385418775156
-7.746613906497828E-4
-0.002094927643468083
-5.215552084754134E-4
-0.002126333168422828
-0.002106033004183888
-7.64991114327682E-4
-0.002055297527948256
-0.002044158700408795
-0.0020332071086914807
-0.0020229583866906466
-1.0181153626539532E-5
-0.0020319291131286068
-0.0018947517671187427
-0.0020935770785917205
-0.002053783831162299
-0.0018206354198123669
-0.0018092178245846199
-1.6392057668341051E-4
-5.839537673306767E-4
-0.0018242724188290826
-0.0018119657839005662
-0.0018031290881846324
-0.0017897178804778284
-5.353218327163851E-4
-8.205400492828669E-5
-0.0018266888609985443
-0.001810852517285616
-0.0017994288343745435
-5.639321452161337E-4
-0.001767110944494725
-0.0017631797449258735
-3.4934723609219705E-5
-0.0018151742480329795
-0.0019110058079702757
-7.040314411637852E-4
-0.0018678903375039513
-0.0018605121554555008
-0.0018521722772003317
-7.794209519935652E-5
-9.39695072893428E-4
-0.0016579600867619693
-0.0010091129881475123
-0.001024884800421839
-0.0010351125826580131
-0.001043843840233696
6.378815341769241E-4
3.2526132493360995E-5
-9.805973117947419E-4
-0.0027702160431161272
-9.117664876671744E-4
-9.263675689546602E-4
-9.345561200751767E-4
0.0018716524956322422
-9.905278690625241E-4
-9.860556093528882E-4
-9.812018267989294E-4
-0.0028053807392950216
-9.090457277434775E-4
1.8354663906923986E-4
-8.735095735466274E-4
-5.027460297716237E-4
4.500119171283722E-4
4.752333492277825E-4
5.006437172035091E-4
-9.880575675420308E-4
-6.614410025151383E-4
-6.377669200374524E-4
-6.157293271183156E-4
-0.0015526487170105777
-0.0015035319616770332
-0.001466146861058098
-0.0019122675324548207
-0.0018702124047794504
-0.0018422433666204475
-0.0018134483265251403
-0.0017879122030991872
-0.0017660041561953683
-0.0017531441028338908
-0.0017337250367411615
-0.0017111447715148261
-0.001700135752354532
-0.001685090147708263
-0.0016710467771670467
-0.001666546488686748
-0.0016545888603139791
-0.0016421130366554909
-0.0016335879415219391
-0.0016228137203429113
-0.0016135684577249392
-0.001602998981089354
-0.0015924616084596664
-0.0015834395915665573
-0.0015999271673810891
-0.0015860420560907373
-0.0015712494658268697
-0.0015511206054003397
-0.001540815971960275
-0.0017057481713135202
-0.0017036084306597046
-0.0016994210271076464
-0.0026920031632940546
-0.0027186319308727894
-0.0027337343803777014
-0.0028483205540325777
-0.002850381883798353
-0.002852242404285316
-0.0028503523450060654
-0.0028462531611716914
-0.0028293875127016936
-0.002834250151887361
-0.0028276983740423904
-0.002819478316145663
-0.0028153325471689276
-0.0028074136346805303
-0.0027997217542734885
-0.002790813293540177
-0.002784285813970627
-0.002776252416485349
-0.0027556723594644762
-0.002757617050743469
-0.0027500552229124827
-0.00274204930008733
-0.002733118839197795
-0.00272513384833009
-0.0027179650972615726
-0.0027099801214384277
-0.0027014784048291847
-0.00269342488259741
-0.0026851669591089413
-0.0026789273446691272
-0.002662808525197971
-0.002661583702326417
-0.002653290306969965
-0.002645682109737186
-0.0026372839117362453
-0.0026336361050230167
-0.0026285741750195148
-0.0026157049747717056
-0.0026152671181038606
-0.0026015388860888833
-0.0025944279266955244
-0.002587015210875501
-0.002581279793104521
-0.0025738267160300547
-0.002568599192097971
-0.002563052463934658
-0.002556619462473862
-0.0025494444564031758
-0.0025419196956922387
-0.0025323997346825126
-0.002537727318434539
-0.0025246149549738627
-0.002518772389412881
-0.002512974236605549
-0.0025071140944939187
-0.002496996066555881
-0.0025029681535254466
-0.0024962490366391204
-0.0024913935577581757
-0.002484526777567259
-0.002477185986498218
-0.0024697846435289715
-0.0024659522779931133
-0.0024592366272554404
-0.0024524599078988383
-0.002446567037857113
-0.002439636384946561
-0.002434867931982768
-0.002428204076758792
-0.002421408026994286
-0.002416140761780475
-0.002409319485096052
-0.002431667564806994
-0.00242477399295657
-0.002390532631950269
-0.002386783953124356
-0.002409238704211295
-0.0024051975991497003
-0.0023920646775716873
-0.002384955859264516
-0.0023563338345679134
-0.002352085139471671
-0.002345670087634602
-0.002340776507284449
-0.002334831454672169
-0.0023281725652489604
-0.002321964917148029
-0.0023181509544517023
-0.002314200118696174
-0.002308282048801314
-0.0013519912448616712
-0.0013612535445966581
-0.001337869342586978
-0.0013024308334866417
-0.0012931565390096812
-0.0012861505073973177
-0.0012774855644321229
-0.0012711437568209032
-0.0012657062981679494
-0.0012594131514014535
-0.0012539356326253992
-0.001247936240389912
-0.0012449795084326994
-0.0013422794158075184
-0.0011027704234210657
-0.0011014917332135793
-0.0011004617481604616
-6.05000565200757E-4
-6.062643542163899E-4
-6.078733656897299E-4
-6.091778335228016E-4
-6.096171520415201E-4
-6.097265750685482E-4
-7.089821098901484E-4
-7.09001926293899E-4
-7.099988821192829E-4
-6.111453539390663E-4
-6.088748424980577E-4
-1.8260086939491461E-4
-1.8946965249483342E-4
-1.9559577361649507E-4
-2.0037668556512078E-4
-2.3196598420749406E-4
-2.08133371829727E-4
-2.1157065749648974E-4
-2.140410473877861E-4
-3.138224211497825E-4
-3.177850849171193E-4
-2.904704333100955E-4
-3.192670486918869E-4
-3.2163449667261585E-4
-3.233526130348085E-4
-3.24684245330073E-4
-3.257128468494276E-4
-3.2649596493962126E-4
-3.256050608602327E-4
-3.261853358149424E-4
-3.272630406928424E-4
-3.321652335063153E-4
-3.3334642117407407E-4
-3.3372841307876183E-4
-3.3374870303397184E-4
-3.343478897981808E-4
-3.345099418438153E-4
-4.204854492995766E-4
-4.153737316871847E-4
-4.11476813615858E-4
-4.2030718241145034E-4
-4.197223522353606E-4
-3.927041966610706E-4
-3.8976796059393774E-4
-3.90144849208044E-4
-3.90471373214196E-4
-3.901240087989619E-4
-3.9084074119819667E-4
-3.9018193366374953E-4
-3.898522887277909E-4
-3.891969920100715E-4
-3.882003446279285E-4
-3.880763734044295E-4
-3.883285464024094E-4
-3.8785935891801846E-4
-3.878147915875925E-4
-3.873980252577123E-4
-3.884715468094427E-4
-3.8782691115130027E-4
-3.875352288390026E-4
-3.871359897609784E-4
-3.867360939629208E-4
-3.867456286717233E-4
-3.874893971702756E-4
-3.851836275380033E-4
-3.8437569751108937E-4
-3.837205952501868E-4
-3.8444182142245497E-4
-3.816826052833095E-4
-3.8267471211626185E-4
-4.13933658199542E-4
-4.144389739172259E-4
-4.1617425404914826E-4
-4.1560582413461785E-4
-4.1690035380194076E-4
-4.1605710803355823E-4
-4.153823894288586E-4
-4.147852595918601E-4
-4.1473500200656126E-4
-4.140672571157761E-4
-4.1336023884631614E-4
-4.128247027485509E-4
-4.089589446171056E-4
-4.156296527372976E-4
-4.16390311005744E-4
-4.15735056950322E-4
-4.1501783861053513E-4
-3.2464685570687195E-4
-3.2203087236970735E-4
-3.20624816923518E-4
-3.1882884512489894E-4
-3.179193326382703E-4
-3.1653958807209884E-4
-3.1530479344191187E-4
-3.1439702803754343E-4
-4.0260875232314366E-4
-4.035163208179207E-4
-4.0598802436743676E-4
-4.06323832472101E-4
-4.0630232596326987E-4
-3.180739901573021E-4
-3.1600832293523064E-4
-3.9885032743145865E-4
-3.9914420468905714E-4
-4.0079367295549063E-4
-4.010954849567514E-4
-4.008922475363963E-4
-3.9797382453694516E-4
-4.0444098356995725E-4
-4.0502569938110196E-4
-4.044017295004531E-4
-4.043290147876825E-4
-4.053367619008348E-4
-4.0521651571810653E-4
-4.046045264416859E-4
-4.0393267312716335E-4
-4.032322360387708E-4
-3.1622172876074716E-4
-3.1356006664715915E-4
-3.116306766979034E-4
-3.0975547166444247E-4
-3.098814151438184E-4
-3.088831064653371E-4
-3.07612886639368E-4
-3.067177729190612E-4
-3.056655261271008E-4
-3.0486172792678316E-4
-3.0804561718857294E-4
-3.0779432193019237E-4
-3.075766079293117E-4
-3.9231106089460235E-4
-3.9495872030080543E-4
-3.9636162625942894E-4
-3.9734416313943897E-4
-3.9773266457477437E-4
-3.995641016535483E-4
-3.997529491427566E-4
-3.9925386949292614E-4
-3.1504050551729945E-4
-2.6549046256067445E-4
-2.6482877234112697E-4
-2.639874163578811E-4
-2.6291944400257637E-4
-2.619750426509357E-4
-2.6122229476337004E-4
-2.6074747452004406E-4
-0.0011631138503624854
-0.00118044531876426
-0.001194869451447841
-0.0012056261148592757
-0.0012130063075099667
-0.0012177362920328472
-0.0012227547807285419
-0.001735502259372846
-0.0017223218825525683
-0.0017108296412630733
-0.0017026254241679587
-0.0016946664833658697
-0.0016870398969606197
-0.0016802656027607528
-0.0016749249450812068
-0.0016692246328922878
-0.0016638397895006407
-0.001659077971493331
-0.0016542843417065368
-0.0016494908232107647
-0.0016451676851162484
-0.001662609830429145
-0.001658630329306295
-0.0016546928992688702
-0.0016509211892712012
-0.0016485576587310009
-0.0016449457288255117
-0.0016366289111014133
-0.0016330655058329308
-0.0016298598374773906
-0.0016266524454522063
-0.0016233374830893553
-0.0016199412825452497
-0.0016145076346463286
-0.0016109851381027815
-0.0016085713550087748
-0.001605126525302999
-0.0016023410311896754
-0.0015972778893772535
-0.001594211960798856
-0.001593035259345155
-0.001590057773056482
-0.0015873607458126474
-0.0015843869070463075
-0.0015817803151155724
-0.0015790758166104937
-0.0015780444555049348
-0.0015794145181448256
-0.0015773887236637503
-0.0015755588016575332
-0.0015730227615317362
-0.001570471315233031
-0.0015682054572998027
-0.00156644866057523
-0.0015649902884490741
-0.001562617022871555
-0.0015575511222451746
-0.0015552535884245044
-0.0015528553161816144
-0.001550417372059612
-0.0015477736678295786
-0.001545677144865093
-0.0015435471917117334
-0.0015442213326092391
-0.0015420486487238319
-0.0015396577970114348
-0.0015383926634100506
-0.0015376038650356332
-0.0015364433705437749
-0.001534428387833525
-0.0015323381531951081
-0.0015303408582548303
-0.0015292836437900096
-0.0011277988369141744
-0.0011297346192793319
-0.0011336569992065975
-0.0011363386007905171
-0.0011383649700397306
-0.0011437560414863412
-0.0011449995985129801
-0.0011462042668146243
-0.0011472756034567064
-0.0011478580583314042
-0.0011481310120928783
-0.0011463362173891364
-0.0011474208270272354
-0.001149168511445131
-0.0011488221061150047
-0.001148353806633463
-0.0011477648610404418
-0.0011461763656260297
-0.001145640752293011
-0.0011452888076136506
-0.0011457499467314605
-0.0011451685698261875
-0.0011426883388991728
-0.0011418193434076511
-0.0011408049254111564
-0.0011399289820093333
-0.0011391753053469943
-0.0011385533932664943
-0.001137647347868493
-0.00113807203540876
-0.0011372446366776968
-0.0011389386144947096
-0.0011382240996319095
-0.001137286439093162
-0.001136569260363186
-0.0011330843182922549
-0.0011340081499106485
-0.0011333273666670064
-0.0011324657015934607
-0.0011316572423670393
-0.0011311203870417762
-0.0011302158165559727
-0.0011317812583166525
-0.0011306514670997273
-0.0011295473518251476
-0.0011286074811290927
-0.0011278824061875315
-0.0011269691074589168
-0.0011259072235469088
-0.0011248258877787803
-0.0011236465769969525
-0.001122516016189056
-0.0011215853156846048
-0.0011210660374522164
-0.0011207516424580695
-0.001120657218675444
-0.001120557655430189
-0.001120042323999707
-0.001119088667527606
-0.0011180998380221337
-0.0011192116266137632
-0.0011184207882086467
-0.0011177814460064442
-0.0011168616972521573
-0.0011159215189879322
-0.0011170697687758503
-0.0011159451351243185
-0.0011148541481957497
-0.0011148540770951625
-0.001113908960364385
-0.0011143694380154753
-0.00111362514108284
-0.001113209322680427
-0.0011125774505525983
-0.0011128814022789426
-0.0011121953115007788
-0.0011114274243727385
-0.0011107389735153439
-0.0011100521260461946
-0.001110065141342
-0.0011093462858348304
-0.0011085617249520425
-0.0011085090807980696
-0.0011081125094925528
-0.0011073935321096301
-0.001106629039790999
-0.0011058257436897358
-0.0011049593010559267
-0.0011040977767172372
-0.0011014696239229139
-0.0011005830803598711
-0.0010998072637702873
-0.001098964568183299
-0.0010981661536202864
-0.0010972419865641076
-0.0010962677358819651
-0.0010958398586099422
-0.0010950949983514037
-0.0010943740076329955
-0.0010934160449098194
-0.0010937259056616755
-0.0010929600180746722
-0.0010919954436365948
-0.001091015144898252
-0.0010909445152623568
-0.0010902642915917664
-0.0010905410554584553
-0.0010898889019688152
-0.0010890916744098827
-0.0010884096252056629
-0.0010875384029059832
-0.0010967076444076075
-0.001096513127585785
-0.0010961212432570237
-0.0010967786825794293
-0.0010963011656812524
-0.0010949606696936166
-0.0010939941191788127
-0.0010928693833117695
-0.0010733462902209133
-0.0010737140877335827
-0.001073701454242253
-0.0010735500219117345
-0.0010733143593453403
-0.001072977999201975
-0.001070848556168827
-0.001070583154793966
-0.0010710093931669182
-0.0010715312773613547
-0.0010711026995049915
-0.0010706080305341306
-0.0010700551427955613
-0.0010694574469352106
-0.001069625798362709
-0.0010694118394334253
-0.001068846981292503
-0.0010685159221941736
-0.0010705040695869938
-0.0010699403779887995
-0.001069354296698735
-0.0010693496900208484
-0.0010664050649643508
-0.001068495791290434
-0.0010681415283130041
-0.001067704061970991
-0.0010684301495864808
-0.0010664674393183497
-0.0010656436777382553
-0.0010648825181445607
-0.0010639767674072813
-0.0010634315507156945
-0.0010627859329429411
-0.0010638039618303572
-0.0010631486624925485
-0.0010628122405431635
-0.0010622546325042732
-0.0010618823488779143
-0.0010605750495743982
-0.0010607480316830629
-0.0010606101004544885
-0.0010603243935437489
-0.0010613335954046846
-0.001059555713582849
-0.00105876732737014
-0.001058059838359344
